0 0
0 1.6
0.064 2.96
0.1728 4.11344
0.311418 5.08951
0.468285 5.91363
0.634588 6.60785
0.803714 7.19129
0.970808 7.68045
1.13241 8.08955
1.28613 8.43082
1.43044 8.71475
1.56446 8.95032
1.68781 9.1452
1.80044 9.3059
1.90261 9.438
1.99474 9.5462
2.37372 3.24972
2.14765 4.26731
0.8727 2.02255
0.822696 3.28426
0.796187 1.44212
0.734444 2.79396
0.736036 3.94549
0.78345 4.92422
0.862901 5.75425
0.963636 6.4566
1.07735 7.04956
1.19773 7.54903
1.32003 7.96877
1.44078 8.32065
1.55749 8.61492
1.66846 8.86039
1.77261 9.06459
1.8693 9.234
1.95827 9.37412
2.03949 9.48968
2.11315 9.58464
2.17957 9.66242
2.23913 9.72588
2.38738 3.35638
2.16352 4.35743
2.01329 5.21728
1.15884 2.2156
1.07364 3.43691
1.05007 4.47843
1.0717 5.36466
1.12553 6.11709
1.20138 6.75451
1.29136 7.29328
1.38938 7.74763
1.49088 8.12991
1.59245 8.45079
1.69161 8.71947
1.78665 8.94389
1.87641 9.13084
1.96018 9.28616
2.0376 9.41483
-2.04034 4.13991
1.46522 0.903091
1.28156 2.30902
1.18169 3.5114
1.14489 4.53742
1.09875 1.82665
1.007 3.10871
0.719388 1.44791
0.669396 2.80195
0.681065 3.95488
0.7371 4.9344
0.823911 5.76476
0.930915 6.46709
1.04996 7.05979
1.17486 7.55882
1.30098 7.97801
1.42496 8.32926
1.54438 8.62288
1.65764 8.86767
1.7637 9.07121
1.86199 9.23998
1.95229 9.37951
2.03463 9.49449
2.10922 9.58893
2.17639 9.66622
2.23658 9.72923
2.29026 9.78038
2.33794 9.82172
2.38012 9.85494
2.4173 9.8815
2.44996 9.90258
2.47857 9.91919
2.50355 9.93217
2.52531 9.9422
2.5442 9.94986
2.56056 9.95561
-2.07635 4.37916
1.53762 0.951149
1.34502 2.34697
-0.341208 2.42569
-0.193 3.67548
1.05809 1.27194
