styczen 2019
pn wt sr cz pt sb nd
    1  2  3  4  5  6 
 7  8  9 10 11 12 13 
14 15 16 17 18 19 20 
21 22 23 24 25 26 27 
28 29 30 31 

luty 2019
pn wt sr cz pt sb nd
       1  2  3  4  5 
 6  7  8  9 10 11 12 
13 14 15 16 17 18 19 
20 21 22 23 24 25 26 
27 28 29 

marzec 2019
pn wt sr cz pt sb nd
          1  2  3  4 
 5  6  7  8  9 10 11 
12 13 14 15 16 17 18 
19 20 21 22 23 24 25 
26 27 28 29 30 31 

kwiecien 2019
pn wt sr cz pt sb nd
             1  2  3 
 4  5  6  7  8  9 10 
11 12 13 14 15 16 17 
18 19 20 21 22 23 24 
25 26 27 28 29 30 

maj 2019
pn wt sr cz pt sb nd
                1  2 
 3  4  5  6  7  8  9 
10 11 12 13 14 15 16 
17 18 19 20 21 22 23 
24 25 26 27 28 29 30 
31 

czerwiec 2019
pn wt sr cz pt sb nd
                   1 
 2  3  4  5  6  7  8 
 9 10 11 12 13 14 15 
16 17 18 19 20 21 22 
23 24 25 26 27 28 29 
30 

lipiec 2019
pn wt sr cz pt sb nd
 1  2  3  4  5  6  7 
 8  9 10 11 12 13 14 
15 16 17 18 19 20 21 
22 23 24 25 26 27 28 
29 30 31 

sierpien 2019
pn wt sr cz pt sb nd
    1  2  3  4  5  6 
 7  8  9 10 11 12 13 
14 15 16 17 18 19 20 
21 22 23 24 25 26 27 
28 29 30 31 

wrzesien 2019
pn wt sr cz pt sb nd
       1  2  3  4  5 
 6  7  8  9 10 11 12 
13 14 15 16 17 18 19 
20 21 22 23 24 25 26 
27 28 29 30 

pazdziernik 2019
pn wt sr cz pt sb nd
          1  2  3  4 
 5  6  7  8  9 10 11 
12 13 14 15 16 17 18 
19 20 21 22 23 24 25 
26 27 28 29 30 31 

listopad 2019
pn wt sr cz pt sb nd
             1  2  3 
 4  5  6  7  8  9 10 
11 12 13 14 15 16 17 
18 19 20 21 22 23 24 
25 26 27 28 29 30 

grudzien 2019
pn wt sr cz pt sb nd
                1  2 
 3  4  5  6  7  8  9 
10 11 12 13 14 15 16 
17 18 19 20 21 22 23 
24 25 26 27 28 29 30 
31 

