-0.56-0.28    3  2.7 -4.8-0.67-0.65  1.4  2.9-0.43-0.68
 -9.4 -7.8  1.3 -9.5  2.4 -3.1  1.5  -14 -2.4 -5.3
 -2.7 -9.4 -8.4  2.7 -5.4   -3   -2 -7.6
  6.6 -2.2 0.34 -1.4 -6.5    8 -9.2
-0.34 -1.1 -4.2   10 0.24 -6.3  2.6 -7.8 -5.5  1.1  1.3 -5.7
 -6.8-0.51  0.9  -10 0.37  1.9 0.41 -4.3  7.7
 -0.5  1.5 -9.3   -7 -5.7 0.34
   -2 -3.5  3.1  3.4  7.6    6  1.3  2.7-0.57 -3.2
  4.8  4.9 -5.2
  1.1  5.9  1.9
  2.2   -1 -3.5 -1.1   -2  2.5 -9.2  3.7 -3.2
  3.1  4.6  4.9  6.8  4.1  5.8  4.9 -2.3  1.7
 -1.8  1.7 -8.8  1.6   -2 -2.2   12  3.9-0.16 -1.2
 -2.4 0.88 -4.1  -11  4.1  1.2 -2.8    7  4.1  6.9 -2.8
  3.8 -1.7 -2.5  0.2  5.6 -4.5   13  3.3   -1  0.9
  2.1 -5.7  2.5-0.88  3.2  8.6   -5  1.8  -13-0.57
  3.6 -7.5 -3.8-0.33 -1.2  3.7 -3.1  7.8  0.4  2.7
