 -9.6  4.9 -3.3
 -2.3 -2.6 -2.7 -4.7  -12 -2.6   -2
  1.2  5.9  5.7 0.98
-0.97  1.7   -3
0.028  3.2  3.1  6.8
  6.2  1.1  2.9  4.5 0.83
  -13 -2.2 -7.2 0.36 -6.8 0.77 -1.8 -5.9 -1.9 -5.4  1.8  2.1
  1.9   -1  -11 -1.5 -2.4 -1.4  6.9 -5.3 -1.3 -2.7
  6.4 -2.9  7.8
  3.6 -4.8-0.75  2.3    1
  1.4  4.5 0.93  4.6-0.92    4  2.8 -5.4  2.4  7.3
 -5.9-0.66  2.2 -3.9-0.0075 -1.5  0.5  2.6
   11    5 -3.5-0.85
  2.2    9 -5.4  0.7  1.3
  2.4   11  6.1
 -7.6  4.3 -1.6  4.3 -1.3  1.6 -3.1   -7
  2.5 -5.8 -1.2  2.9   12   10 -2.5 -5.9 -7.2-0.72 0.71 -6.2
  1.2 0.87 -1.8 -1.6  5.2 -1.3  4.2  2.5  2.2 -3.4 -1.4
  7.5  8.2 0.46 0.61 -1.4   -5 -3.3  5.5
  1.6 -6.9  3.8  7.8
  4.3  3.1  -10
    3  5.1 -2.3 -7.5  2.1  6.1 -0.2  3.7
  4.2  9.5 -1.4-0.98  -10-0.47 -1.8 -1.6
  5.2 -4.1  2.3 -3.2  9.7   -1 -1.7  3.3   -8    8  3.5
 -2.6  8.4 -6.1 -2.1  2.7  3.3 -3.3  5.2   -2 -2.3
