    4  6.3  9.3 -7.4 -6.9  8.3 -4.7 -5.8 -4.6  1.7    5
  2.1 -4.8 -4.2  2.1  8.7 -2.6
   -9  5.9 -1.5-0.18
 -3.5 -4.80.049 0.82   14  4.5 -0.7  3.5 0.68 -1.2-0.98  1.3
 -5.2   -3-0.48   14 0.62 -2.5  2.6 -2.1-0.36
    5 0.69 -4.8  1.2  4.4
 0.14  6.5  1.4   -5 -5.9 -4.7 -2.3  6.8 0.93  7.4  -10 -3.3
   10    2  8.2 -6.8  1.9   11    7  9.4-0.38  1.1 -2.7   -2
 -1.4  8.7  2.2  -10-0.91   12
  1.3 -1.3 -2.5  3.9-0.76  5.1    2 -2.4
 -1.8 -8.3 -3.4-0.59 -3.5
 -2.4   11 -7.5  3.7  2.1  5.3  5.3 -1.6  2.2   -7
 -2.1 -7.8  1.8 -2.1 -3.6 -3.8
  5.4  1.5 -8.7  2.6   -7 -5.5  1.5 -3.3 -7.1 -9.9 -1.3
  5.4  9.7 -2.4    3
   10  2.7 -4.8
